%YAML:1.0
---
K: !!opencv-matrix
   rows: 3
   cols: 3
   dt: d
   data: [ 5.0358418978038611e+02, 0., 5.1521773630661937e+02, 0.,
       5.0366950008216520e+02, 5.0421688878230401e+02, 0., 0., 1. ]
dist: !!opencv-matrix
   rows: 8
   cols: 1
   dt: d
   data: [ -2.4601124356978829e-01, 3.9185023770413371e-02,
       1.1387934217732754e-04, 4.9496438920254792e-05,
       2.1295201449455896e-02, 9.0870551279679926e-02,
       -1.0612489494493592e-01, 6.3248715614073373e-02 ]
img_size: !!opencv-matrix
   rows: 2
   cols: 1
   dt: i
   data: [ 1024, 1024 ]
