%YAML:1.0
---
K: !!opencv-matrix
   rows: 3
   cols: 3
   dt: d
   data: [ 1.9608795300703462e+03, 0., 2.0530585344054643e+03, 0.,
       1.9609029673274129e+03, 1.5561697789150314e+03, 0., 0., 1. ]
dist: !!opencv-matrix
   rows: 8
   cols: 1
   dt: d
   data: [ -3.1539544901080113e-01, -2.3338039867273834e+00,
       1.2914461268417602e-05, 4.6262864900130646e-05,
       1.7715575869427924e+00, -4.2871217451536758e-01,
       -2.1106937028919903e+00, 1.6565360416902746e+00 ]
img_size: !!opencv-matrix
   rows: 2
   cols: 1
   dt: i
   data: [ 4096, 3072 ]
