%YAML:1.0
---
K: !!opencv-matrix
   rows: 3
   cols: 3
   dt: d
   data: [ 1.9609524356097959e+03, 0., 2.0530513940692376e+03, 0.,
       1.9609397679431374e+03, 1.5561975992628666e+03, 0., 0., 1. ]
dist: !!opencv-matrix
   rows: 8
   cols: 1
   dt: d
   data: [ -3.1990630211595467e-01, -2.3283482866032172e+00,
       1.8334926512595331e-05, 4.8591659585108641e-05,
       1.7688709522807726e+00, -4.3315939317805086e-01,
       -2.1051926765277575e+00, 1.6538153964584652e+00 ]
img_size: !!opencv-matrix
   rows: 2
   cols: 1
   dt: i
   data: [ 4096, 3072 ]
